2.09011 6.00240 4.48139
2.17802 6.00240 4.32567
2.19913 6.00240 4.28887
2.20251 6.00240 4.28300
2.27993 6.00240 4.15018
2.27993 5.96489 4.07450
2.27993 5.90795 3.96105
2.27993 5.88797 3.92164
2.37505 5.88797 3.76792
2.37505 5.85042 3.69613
2.42643 5.85042 3.61599
2.42643 5.80194 3.52559
2.42643 5.73212 3.39752
2.42643 5.70421 3.34704
2.50613 5.70421 3.23102
2.50613 5.69506 3.21490
2.59497 5.69506 3.08988
2.59497 5.68975 3.08078
2.59497 5.61710 2.95769
2.60072 5.61710 2.94996
2.61047 5.61710 2.93688
2.61047 5.60318 2.91372
2.61047 5.54814 2.82309
2.67322 5.54814 2.74219
2.67322 5.47560 2.62736
2.73172 5.47560 2.55582
2.73172 5.39625 2.43557
2.83135 5.39625 2.32160
2.83135 5.36560 2.27751
2.83135 5.35514 2.26256
2.83135 5.35299 2.25950
2.83135 5.26045 2.12990
2.83135 5.20770 2.05802
2.83135 5.19758 2.04439
2.83135 5.19136 2.03605
2.83135 5.15104 1.98242
2.83135 5.05633 1.85978
2.83135 5.01203 1.80402
2.91698 5.01203 1.72600
2.97984 5.01203 1.67115
3.06018 5.01203 1.60404
3.07945 5.01203 1.58843
3.10437 5.01203 1.56855
3.10437 4.98057 1.53370
3.10437 4.89549 1.44200
3.17612 4.89549 1.39056
3.17612 4.81387 1.30895
3.24617 4.81387 1.26406
3.27955 4.81387 1.24357
3.27955 4.77506 1.20791
3.33259 4.77506 1.17752
3.34282 4.77506 1.17183
3.41382 4.77506 1.13382
3.41382 4.67747 1.05390
3.49653 4.67747 1.01680
3.49653 4.65544 1.00032
3.49653 4.59323 0.95513
3.55787 4.59323 0.93240
3.55787 4.58758 0.92856
3.57343 4.58758 0.92314
3.59121 4.58758 0.91711
3.67784 4.58758 0.89008
3.72387 4.58758 0.87730
3.72387 4.52489 0.84083
3.72387 4.51745 0.83664
3.77650 4.51745 0.82515
3.86858 4.51745 0.80851
3.89213 4.51745 0.80497
3.91363 4.51745 0.80198
3.91363 4.49285 0.79056
3.91363 4.44688 0.77007
3.96260 4.44688 0.76583
3.96260 4.41963 0.75484
4.05550 4.41963 0.75143
4.05550 4.36473 0.73291
4.05550 4.33509 0.72356
4.05550 4.26356 0.70289
3.97684 4.26356 0.69959
3.97684 4.23734 0.69169
3.93478 4.23734 0.69072
3.93478 4.16174 0.66841
3.93478 4.07977 0.64759
3.92905 4.07977 0.64709
3.92905 4.00355 0.63065
3.85868 4.00355 0.62339
3.80594 4.00355 0.61964
3.75187 4.00355 0.61730
3.68537 4.00355 0.61651
3.69500 4.00355 0.61648
3.69500 3.94655 0.59975
3.68430 3.94655 0.59949
3.64979 3.94655 0.59906
3.64979 3.87072 0.57778
3.64336 3.87072 0.57754
3.64336 3.84200 0.57017
3.60768 3.84200 0.56870
3.60768 3.77328 0.55164
3.60768 3.76472 0.54969
3.53651 3.76472 0.54610
3.50357 3.76472 0.54533
3.50357 3.69956 0.52845
3.50357 3.61564 0.50997
3.50357 3.55168 0.49834
3.50357 3.46897 0.48646
3.50357 3.39713 0.47903
3.50206 3.39713 0.47874
3.50206 3.36075 0.47597
3.49578 3.36075 0.47468
3.49578 3.34059 0.47338
3.46762 3.34059 0.46755
3.44282 3.34059 0.46276
3.44282 3.25661 0.45749
3.34382 3.25661 0.43756
3.28264 3.25661 0.42779
3.28264 3.17060 0.41958
3.28264 3.12931 0.41701
3.28264 3.10469 0.41590
3.28264 3.08424 0.41521
3.23256 3.08424 0.40452
3.23014 3.08424 0.40404
3.17482 3.08424 0.39381
3.12487 3.08424 0.38594
3.12487 3.04388 0.38218
3.04152 3.04388 0.37032
3.04152 3.04369 0.37030
2.96653 3.04369 0.36272
2.96653 3.02020 0.35913
2.94004 3.02020 0.35685
2.94004 3.00889 0.35508
2.91270 3.00889 0.35297
2.91270 2.91326 0.33942
2.91270 2.88985 0.33683
2.91270 2.84303 0.33250
2.91270 2.74437 0.32711
2.89337 2.74437 0.32339
2.89337 2.69547 0.32214
2.87270 2.69547 0.31790
2.87270 2.61608 0.31773
2.85124 2.61608 0.31274
2.77534 2.61608 0.29701
2.77534 2.60101 0.29665
2.77534 2.55861 0.29625
2.70110 2.55861 0.28172
2.70110 2.48679 0.28062
2.63292 2.48679 0.26745
2.63136 2.48679 0.26718
2.62544 2.48679 0.26616
2.62544 2.39438 0.26533
2.52632 2.39438 0.24648
2.52632 2.35466 0.24561
2.43357 2.35466 0.23083
2.43357 2.34986 0.23056
2.43357 2.28653 0.22820
2.38720 2.28653 0.22097
2.29377 2.28653 0.20980
2.27664 2.28653 0.20825
2.27664 2.21491 0.20269
2.27664 2.13305 0.19961
2.18734 2.13305 0.18739
2.18734 2.08758 0.18524
2.11448 2.08758 0.17675
2.11448 2.01036 0.17285
2.11448 1.92947 0.17209
2.10160 1.92947 0.16990
2.06725 1.92947 0.16448
2.03683 1.92947 0.16020
2.00322 1.92947 0.15602
2.00229 1.92947 0.15591
1.90471 1.92947 0.14716
1.84383 1.92947 0.14421
1.84383 1.84931 0.13640
1.80146 1.84931 0.13385
1.80146 1.76147 0.12734
1.80146 1.74394 0.12653
1.80146 1.67528 0.12486
1.77093 1.67528 0.12105
1.76616 1.67528 0.12050
1.76616 1.64247 0.12001
1.74488 1.64247 0.11736
1.73638 1.64247 0.11637
1.73638 1.61943 0.11603
1.68400 1.61943 0.11017
1.59991 1.61943 0.10374
1.53260 1.61943 0.10124
1.52506 1.61943 0.10110
1.52506 1.54392 0.09428
1.52506 1.48207 0.09089
1.47542 1.48207 0.08748
1.40420 1.48207 0.08482
1.40420 1.45806 0.08265
1.36710 1.45806 0.08188
1.36710 1.43736 0.07988
1.32923 1.43736 0.07946
1.32923 1.37655 0.07377
1.32713 1.37655 0.07371
1.32713 1.29833 0.06914
1.32713 1.26973 0.06826
1.32542 1.26973 0.06812
1.32542 1.22575 0.06757
1.26682 1.22575 0.06255
1.26682 1.14719 0.06185
1.25052 1.14719 0.06016
1.19480 1.14719 0.05542
1.19480 1.14447 0.05536
1.18456 1.14447 0.05465
1.18456 1.05200 0.05441
1.10096 1.05200 0.04695
1.08256 1.05200 0.04580
1.05529 1.05200 0.04441
1.05529 0.96944 0.04284
1.05080 0.96944 0.04247
1.04507 0.96944 0.04201
0.96283 0.96944 0.03735
0.96283 0.93398 0.03619
0.96283 0.88103 0.03567
0.96283 0.88842 0.03566
0.89554 0.88842 0.03184
0.89554 0.81630 0.03087
0.82056 0.81630 0.02680
0.82056 0.81267 0.02669
0.82056 0.71313 0.02641
0.82056 0.79459 0.02626
0.81485 0.79459 0.02601
0.81485 0.73265 0.02564
0.81485 0.76788 0.02560
0.78037 0.76788 0.02401
0.75335 0.76788 0.02319
0.75335 0.76355 0.02304
0.75335 0.75081 0.02263
0.75335 0.74876 0.02257
0.68056 0.74876 0.02159
0.68056 0.64941 0.01793
0.64768 0.64941 0.01683
0.64768 0.60577 0.01615
0.58366 0.60577 0.01427
0.55627 0.60577 0.01412
0.55627 0.58717 0.01331
0.55627 0.54000 0.01208
0.47280 0.54000 0.01139
0.47280 0.50689 0.00989
0.47280 0.42965 0.00861
0.47280 0.43060 0.00861
0.47093 0.43060 0.00853
0.39954 0.43060 0.00713
0.39954 0.39815 0.00636
0.39954 0.37998 0.00617
0.39954 0.37989 0.00617
0.30727 0.37989 0.00604
0.31895 0.37989 0.00581
0.33065 0.37989 0.00566
0.33065 0.31905 0.00425
0.30374 0.31905 0.00394
0.30374 0.25578 0.00371
0.30374 0.28912 0.00357
0.30374 0.28506 0.00355
0.26938 0.28506 0.00314
0.25813 0.28506 0.00313
0.25813 0.26222 0.00271
0.25813 0.24504 0.00257
0.19641 0.24504 0.00254
0.19641 0.15813 0.00162
0.16308 0.15813 0.00104
0.16229 0.15813 0.00103
0.16229 0.15405 0.00102
0.16229 0.15061 0.00101
0.13072 0.15061 0.00089
0.13072 0.14836 0.00086
0.13072 0.10010 0.00077
0.13072 0.12601 0.00066
0.13072 0.12483 0.00066
0.11011 0.12483 0.00061
0.11011 0.10823 0.00048
0.10827 0.10823 0.00047
0.10115 0.10823 0.00045
0.10115 0.09030 0.00040
0.07207 0.09030 0.00035
0.07207 0.07362 0.00021
0.07018 0.07362 0.00021
0.07018 0.06058 0.00019
0.06641 0.06058 0.00017
0.05431 0.06058 0.00014
0.05431 0.04406 0.00012
0.05171 0.04406 0.00011
0.05158 0.04406 0.00011
0.04667 0.04406 0.00008
0.04667 0.04340 0.00008