-6.61955    -0.59743    9.58734
-6.61955    -0.65388    9.42633
-6.61955    -0.70491    9.28222
-6.54424    -0.70491    9.04994
-6.50523    -0.70491    8.93080
-6.47587    -0.70491    8.84163
-6.45649    -0.70491    8.78304
-6.38305    -0.70491    8.56270
-6.38305    -0.77373    8.37831
-6.38305    -0.83029    8.22859
-6.38305    -0.91544    8.00635
-6.30947    -0.91544    7.79588
-6.30947    -0.98851    7.61076
-6.29470    -0.98851    7.56936
-6.29470    -1.00525    7.52745
-6.29470    -1.02075    7.48879
-6.29470    -1.05388    7.40657
-6.29470    -1.13475    7.20823
-6.29470    -1.21919    7.00477
-6.29470    -1.28753    6.84284
-6.29470    -1.35825    6.67780
-6.29470    -1.38653    6.61254
-6.22923    -1.38653    6.44292
-6.22923    -1.48603    6.21973
-6.22923    -1.54398    6.09211
-6.22923    -1.60551    5.95852
-6.22246    -1.60551    5.94183
-6.17676    -1.60551    5.82973
-6.17676    -1.60728    5.82595
-6.17676    -1.61716    5.80496
-6.14668    -1.61716    5.73191
-6.14668    -1.67281    5.61532
-6.13413    -1.67281    5.58534
-6.05188    -1.67281    5.39077
-6.03362    -1.67281    5.34806
-6.03362    -1.72887    5.23529
-6.03362    -1.78773    5.11862
-6.03362    -1.87908    4.94117
-5.99310    -1.87908    4.85101
-5.97805    -1.87908    4.81775
-5.97805    -1.91314    4.75360
-5.97805    -1.93196    4.71840
-5.91407    -1.93196    4.57990
-5.91407    -1.99910    4.45794
-5.85884    -1.99910    4.34188
-5.85884    -2.08332    4.19442
-5.85884    -2.16056    4.06243
-5.77089    -2.16056    3.88770
-5.77089    -2.17412    3.86542
-5.75986    -2.17412    3.84387
-5.75986    -2.23817    3.74027
-5.73945    -2.23817    3.70117
-5.73945    -2.30842    3.59068
-5.73945    -2.32404    3.56646
-5.69917    -2.32404    3.49160
-5.69917    -2.34181    3.46454
-5.66536    -2.34181    3.40264
-5.58636    -2.34181    3.26033
-5.58636    -2.34264    3.25912
-5.56846    -2.34264    3.22732
-5.56822    -2.34264    3.22690
-5.56573    -2.34264    3.22249
-5.48377    -2.34264    3.07919
-5.47018    -2.34264    3.05577
-5.46915    -2.34264    3.05400
-5.45990    -2.34264    3.03812
-5.41908    -2.34264    2.96855
-5.37414    -2.34264    2.89298
-5.27868    -2.34264    2.73593
-5.27868    -2.41556    2.64139
-5.19905    -2.41556    2.51678
-5.17283    -2.41556    2.47647
-5.17283    -2.44581    2.43960
-5.17283    -2.47866    2.40009
-5.17283    -2.49533    2.38025
-5.17283    -2.53121    2.33806
-5.07631    -2.53121    2.19813
-4.98287    -2.53121    2.06728
-4.98287    -2.54911    2.04811
-4.92757    -2.54911    1.97328
-4.87982    -2.54911    1.90995
-4.87982    -2.56733    1.89151
-4.85556    -2.56733    1.85999
-4.85212    -2.56733    1.85555
-4.85212    -2.64695    1.77806
-4.85212    -2.66038    1.76531
-4.85212    -2.66932    1.75688
-4.83321    -2.66932    1.73349
-4.80397    -2.66932    1.69769
-4.80397    -2.68497    1.68338
-4.74269    -2.68497    1.61025
-4.74269    -2.70612    1.59176
-4.72018    -2.70612    1.56561
-4.72018    -2.78282    1.50129
-4.63597    -2.78282    1.40893
-4.59221    -2.78282    1.36238
-4.51805    -2.78282    1.28578
-4.44988    -2.78282    1.21789
-4.38610    -2.78282    1.15656
-4.38610    -2.78969    1.15205
-4.38610    -2.82169    1.13137
-4.38610    -2.83536    1.12270
-4.38610    -2.90316    1.08111
-4.34649    -2.90316    1.04638
-4.34649    -2.97917    1.00405
-4.34649    -3.03590    0.97441
-4.26029    -3.03590    0.90713
-4.19115    -3.03590    0.85595
-4.18564    -3.03590    0.85198
-4.18564    -3.05148    0.84534
-4.18564    -3.13269    0.81276
-4.15410    -3.13269    0.79180
-4.15410    -3.15434    0.78401
-4.15410    -3.16081    0.78174
-4.15410    -3.25263    0.75176
-4.15410    -3.28129    0.74330
-4.15410    -3.29200    0.74025
-4.05804    -3.29200    0.68694
-4.00358    -3.29200    0.65884
-4.00358    -3.37282    0.64358
-3.92064    -3.37282    0.60697
-3.88602    -3.37282    0.59275
-3.88045    -3.37282    0.59052
-3.88045    -3.44861    0.58377
-3.88045    -3.48387    0.58165
-3.79525    -3.48387    0.55409
-3.79034    -3.48387    0.55262
-3.76142    -3.48387    0.54420
-3.74600    -3.48387    0.53989
-3.73100    -3.48387    0.53581
-3.73100    -3.47069    0.53558
-3.73100    -3.46454    0.53551
-3.66246    -3.46454    0.51774
-3.66246    -3.41023    0.51614
-3.66246    -3.37085    0.51593
-3.62245    -3.37085    0.50489
-3.57858    -3.37085    0.49373
-3.49160    -3.37085    0.47458
-3.49160    -3.35205    0.47322
-3.49160    -3.28666    0.46995
-3.49160    -3.20143    0.46902
-3.39527    -3.20143    0.44456
-3.31484    -3.20143    0.42783
-3.22420    -3.20143    0.41302
-3.22420    -3.15814    0.40843
-3.22420    -3.09591    0.40355
-3.22420    -3.00261    0.40001
-3.22420    -2.97715    0.39983
-3.13214    -2.97715    0.37924
-3.13214    -2.97222    0.37903
-3.08102    -2.97222    0.36938
-3.04690    -2.97222    0.36369
-2.99409    -2.97222    0.35609
-2.99409    -2.94299    0.35314
-2.99409    -2.91209    0.35051
-2.99409    -2.86845    0.34764
-2.99409    -2.78503    0.34491
-2.99409    -2.78461    0.34491
-2.99409    -2.77047    0.34480
-2.91553    -2.77047    0.32857
-2.90458    -2.77047    0.32656
-2.90458    -2.72374    0.32496
-2.80489    -2.72374    0.30730
-2.80489    -2.71993    0.30704
-2.78489    -2.71993    0.30409
-2.78489    -2.65833    0.30029
-2.73395    -2.65833    0.29220
-2.73395    -2.56720    0.28797
-2.73395    -2.52969    0.28749
-2.66140    -2.52969    0.27381
-2.62441    -2.52969    0.26789
-2.62441    -2.51091    0.26694
-2.62441    -2.46269    0.26532
-2.56759    -2.46269    0.25579
-2.50587    -2.46269    0.24733
-2.47801    -2.46269    0.24416
-2.47801    -2.42712    0.24125
-2.40616    -2.42712    0.23372
-2.38435    -2.42712    0.23196
-2.29014    -2.42712    0.22722
-2.29014    -2.39639    0.22246
-2.29014    -2.35834    0.21725
-2.29014    -2.31012    0.21172
-2.19381    -2.31012    0.20624
-2.10862    -2.31012    0.20540
-2.10862    -2.26470    0.19735
-2.10862    -2.17539    0.18464
-2.10862    -2.16252    0.18315
-2.05960    -2.16252    0.18091
-2.01667    -2.16252    0.17997
-2.00129    -2.16252    0.17987
-2.00129    -2.08438    0.16865
-1.99015    -2.08438    0.16824
-1.97814    -2.08438    0.16786
-1.89976    -2.08438    0.16725
-1.90176    -2.08438    0.16723
-1.90176    -2.00814    0.15570
-1.86678    -2.00814    0.15515
-1.85544    -2.00814    0.15510
-1.85544    -1.95027    0.14708
-1.85544    -1.92467    0.14409
-1.85544    -1.91792    0.14336
-1.81026    -1.91792    0.14189
-1.81026    -1.87531    0.13689
-1.81026    -1.86527    0.13585
-1.81026    -1.76707    0.12844
-1.77098    -1.76707    0.12518
-1.77098    -1.68497    0.12129
-1.71677    -1.68497    0.11597
-1.71677    -1.61813    0.11365
-1.71677    -1.60457    0.11346
-1.65915    -1.60457    0.10726
-1.60768    -1.60457    0.10319
-1.52165    -1.60457    0.09945
-1.46001    -1.60457    0.09914
-1.48065    -1.60457    0.09903
-1.48065    -1.56157    0.09419
-1.41986    -1.56157    0.09391
-1.43561    -1.56157    0.09380
-1.43561    -1.52302    0.08945
-1.43561    -1.48938    0.08628
-1.38038    -1.48938    0.08533
-1.38038    -1.38949    0.07674
-1.38038    -1.34829    0.07471
-1.38038    -1.28204    0.07330
-1.32697    -1.28204    0.06857
-1.32162    -1.28204    0.06818
-1.32162    -1.18674    0.06747
-1.32162    -1.22009    0.06718
-1.22660    -1.22009    0.05987
-1.13370    -1.22009    0.05727
-1.13370    -1.17994    0.05406
-1.13370    -1.09731    0.05010
-1.09367    -1.09731    0.04801
-1.09367    -1.00551    0.04601
-1.02357    -1.00551    0.04125
-1.02357    -0.96673    0.04042
-1.01590    -0.96673    0.03991
-1.01590    -0.96322    0.03986
-1.01123    -0.96322    0.03956
-0.98730    -0.96322    0.03819
-0.93192    -0.96322    0.03616
-0.93192    -0.91237    0.03411
-0.91733    -0.91237    0.03348
-0.84205    -0.91237    0.03202
-0.84205    -0.87256    0.02963
-0.84205    -0.86904    0.02946
-0.84205    -0.80648    0.02749
-0.78130    -0.80648    0.02537
-0.71272    -0.80648    0.02528
-0.71272    -0.74542    0.02153
-0.71272    -0.73417    0.02105
-0.65799    -0.73417    0.02083
-0.66663    -0.73417    0.02076
-0.66663    -0.64352    0.01730
-0.66615    -0.64352    0.01728
-0.58705    -0.64352    0.01594
-0.58705    -0.64047    0.01578
-0.58705    -0.60471    0.01428
-0.56679    -0.60471    0.01408
-0.56679    -0.54062    0.01243
-0.53282    -0.54062    0.01154
-0.53282    -0.48393    0.01094
-0.45903    -0.48393    0.00905
-0.45633    -0.48393    0.00903
-0.45633    -0.42212    0.00801
-0.42832    -0.42212    0.00724
-0.42832    -0.42211    0.00724
-0.42832    -0.37504    0.00716
-0.42832    -0.40715    0.00709
-0.33873    -0.40715    0.00673
-0.33873    -0.36844    0.00522
-0.33873    -0.36336    0.00508
-0.33873    -0.28302    0.00464
-0.33873    -0.33384    0.00453
-0.28883    -0.33384    0.00438
-0.28883    -0.28414    0.00329
-0.24485    -0.28414    0.00318
-0.24485    -0.27778    0.00300
-0.24485    -0.18839    0.00267
-0.21492    -0.18839    0.00180
-0.21492    -0.20649    0.00179
-0.21008    -0.20649    0.00174
-0.19871    -0.20649    0.00166
-0.19871    -0.20439    0.00163
-0.19871    -0.17879    0.00152
-0.14459    -0.17879    0.00134
-0.14459    -0.08843    0.00133
-0.14459    -0.12223    0.00084
-0.10481    -0.12223    0.00059
-0.11361    -0.12223    0.00057
-0.11361    -0.09609    0.00052
-0.11361    -0.10447    0.00050
-0.09900    -0.10447    0.00042
-0.09900    -0.09913    0.00039
-0.09143    -0.09913    0.00038
-0.09143    -0.07553    0.00034
-0.06258    -0.07553    0.00023
-0.06258    -0.05669    0.00015
-0.06258    -0.05844    0.00015
-0.05562    -0.05844    0.00013
-0.05562    -0.04713    0.00012
-0.04540    -0.04713    0.00009
-0.04298    -0.04713    0.00009
-0.04298    -0.03326    0.00008
-0.04298    -0.04416    0.00008
-0.04298    -0.04342    0.00007
-0.03767    -0.04342    0.00007
-0.03767    -0.03249    0.00006
-0.03767    -0.03506    0.00005
-0.03363    -0.03506    0.00005
-0.03363    -0.03486    0.00005
-0.03363    -0.02962    0.00004
-0.02802    -0.02962    0.00003
-0.02802    -0.02615    0.00003
-0.02747    -0.02615    0.00003
-0.02415    -0.02615    0.00003
-0.02415    -0.02115    0.00002
-0.01547    -0.02115    0.00002
-0.01547    -0.02003    0.00002
-0.01547    -0.01131    0.00001
-0.01512    -0.01131    0.00001
-0.00721    -0.01131    0.00001
-0.00721    -0.01064    0.00001
-0.00721    -0.00380    0.00000
-0.00721    -0.00685    0.00000
-0.00623    -0.00685    0.00000
-0.00623    -0.00574    0.00000
-0.00458    -0.00574    0.00000
-0.00458    -0.00304    0.00000
-0.00458    -0.00304    0.00000
-0.00312    -0.00304    0.00000
-0.00279    -0.00304    0.00000
-0.00279    -0.00266    0.00000
-0.00214    -0.00266    0.00000
-0.00214    -0.00245    0.00000
-0.00214    -0.00235    0.00000
-0.00214    -0.00209    0.00000
-0.00187    -0.00209    0.00000
-0.00187    -0.00174    0.00000
-0.00180    -0.00174    0.00000
-0.00163    -0.00174    0.00000
-0.00163    -0.00168    0.00000
-0.00163    -0.00154    0.00000
-0.00152    -0.00154    0.00000
-0.00152    -0.00136    0.00000
-0.00099    -0.00136    0.00000
-0.00099    -0.00072    0.00000
-0.00052    -0.00072    0.00000
-0.00052    -0.00057    0.00000
-0.00053    -0.00057    0.00000
-0.00053    -0.00046    0.00000
-0.00053    -0.00051    0.00000
-0.00043    -0.00051    0.00000
-0.00051    -0.00051    0.00000
-0.00051    -0.00047    0.00000
-0.00039    -0.00047    0.00000
-0.00039    -0.00038    0.00000
-0.00039    -0.00036    0.00000
-0.00037    -0.00036    0.00000
-0.00037    -0.00034    0.00000
-0.00029    -0.00034    0.00000
-0.00029    -0.00022    0.00000
-0.00013    -0.00022    0.00000
-0.00019    -0.00022    0.00000