 47.75905       -69.28263       0.49468
 47.75905       -69.28535       0.49235
 47.75905       -69.26269       0.49235
 47.72621       -69.26269       0.49234
 47.66024       -69.26269       0.49233
 47.66024       -69.26290       0.49232
 47.66024       -69.26289       0.49232
 47.66024       -69.19457       0.49231
 47.66024       -69.17227       0.49231
 47.66024       -69.10416       0.49230
 47.56206       -69.10416       0.49228
 47.56157       -69.10416       0.49226
 47.52874       -69.10416       0.49226
 47.42910       -69.10416       0.49225
 47.36304       -69.10416       0.49222
 47.32991       -69.10416       0.49222
 47.26358       -69.10416       0.49221
 47.26358       -69.10424       0.49221
 47.23042       -69.10424       0.49220
 47.23042       -69.01319       0.49218
 47.23042       -68.99065       0.49217
 47.23042       -68.94497       0.49216
 47.16394       -68.94497       0.49215
 47.06402       -68.94497       0.49213
 47.06402       -68.85367       0.49212
 47.06402       -68.89967       0.49212
 47.06402       -68.87675       0.49211
 47.06402       -68.78533       0.49209
 47.06402       -68.76258       0.49208
 47.06402       -68.71677       0.49207
 47.03036       -68.71677       0.49206
 47.03036       -68.69376       0.49205
 46.99664       -68.69376       0.49205
 46.93006       -68.69376       0.49203
 46.86264       -68.69376       0.49203
 46.86289       -68.69376       0.49202
 46.82929       -68.69376       0.49201
 46.76199       -68.69376       0.49201
 46.76254       -68.69376       0.49201
 46.79573       -68.69376       0.49201
 46.79573       -68.60209       0.49198
 46.72834       -68.60209       0.49197
 46.69463       -68.60209       0.49197
 46.62716       -68.60209       0.49196
 46.62716       -68.64758       0.49196
 46.62708       -68.64758       0.49196
 46.62708       -68.55597       0.49194
 46.62708       -68.53301       0.49193
 46.62692       -68.53301       0.49193
 46.62692       -68.48702       0.49192
 46.62692       -68.48718       0.49192
 46.62692       -68.41836       0.49190
 46.59330       -68.41836       0.49189
 46.55955       -68.41836       0.49188
 46.55955       -68.34957       0.49187
 46.55955       -68.25739       0.49184
 46.55955       -68.16546       0.49182
 46.55955       -68.09591       0.49181
 46.55955       -68.04992       0.49178
 46.55955       -67.98049       0.49177
 46.52573       -67.98049       0.49176
 46.52573       -67.93446       0.49174
 46.52573       -67.88801       0.49173
 46.49142       -67.88801       0.49173
 46.42396       -67.88801       0.49171
 46.42396       -67.79553       0.49170
 46.45789       -67.79553       0.49169
 46.45789       -67.70293       0.49169
 46.45789       -67.60987       0.49164
 46.45789       -67.51691       0.49161
 46.45807       -67.51691       0.49160
 46.45807       -67.51689       0.49160
 46.39031       -67.51689       0.49159
 46.39031       -67.44672       0.49159
 46.39031       -67.40062       0.49157
 46.39031       -67.37706       0.49155
 46.39031       -67.28353       0.49154
 46.39031       -67.26034       0.49152
 46.39031       -67.16723       0.49151
 46.39031       -67.23697       0.49151
 46.39031       -67.19018       0.49150
 46.39031       -67.09668       0.49147
 46.39031       -67.04976       0.49146
 46.39031       -66.97987       0.49146
 46.39031       -66.90935       0.49142
 46.39031       -66.88559       0.49141
 46.39031       -66.81527       0.49138
 46.39031       -66.72139       0.49138
 46.39057       -66.72139       0.49136
 46.39057       -66.72131       0.49135
 46.32295       -66.72131       0.49134
 46.32295       -66.72144       0.49134
 46.32295       -66.69775       0.49133
 46.32295       -66.65093       0.49133
 46.32295       -66.67430       0.49132
 46.32295       -66.57988       0.49130
 46.28866       -66.57988       0.49129
 46.22103       -66.57988       0.49127
 46.22103       -66.53254       0.49127
 46.22103       -66.46160       0.49126
 46.28856       -66.46160       0.49125
 46.28856       -66.43788       0.49125
 46.22058       -66.43788       0.49123
 46.22058       -66.34307       0.49121
 46.25426       -66.34307       0.49121
 46.25426       -66.24813       0.49119
 46.25426       -66.17688       0.49117
 46.25426       -66.12963       0.49114
 46.22024       -66.12963       0.49113
 46.22024       -66.08212       0.49112
 46.22024       -66.05828       0.49111
 46.22024       -65.98696       0.49109
 46.15257       -65.98696       0.49109
 46.15257       -65.89189       0.49104
 46.15257       -65.84400       0.49104
 46.15257       -65.79651       0.49101
 46.11878       -65.79651       0.49101
 46.11878       -65.79675       0.49101
 46.11878       -65.74891       0.49099
 46.11878       -65.65331       0.49096
 46.08460       -65.65331       0.49096
 46.08460       -65.55736       0.49092
 46.08454       -65.55736       0.49092
 46.05059       -65.55736       0.49092
 45.98197       -65.55736       0.49091
 45.98197       -65.53308       0.49090
 45.98197       -65.43743       0.49087
 45.91347       -65.43743       0.49086
 45.91375       -65.43743       0.49084
 45.91375       -65.34154       0.49083
 45.91375       -65.26941       0.49081
 45.91375       -65.17284       0.49076
 45.91375       -65.10048       0.49073
 45.91375       -65.00360       0.49073
 45.91375       -64.95549       0.49069
 45.91375       -64.90722       0.49067
 45.91375       -64.81044       0.49065
 45.91375       -64.73746       0.49062
 45.87941       -64.73746       0.49061
 45.87941       -64.66443       0.49059
 45.87924       -64.66443       0.49058
 45.87907       -64.66443       0.49058
 45.87907       -64.61560       0.49058
 45.87907       -64.51875       0.49056
 45.87907       -64.51843       0.49053
 45.87907       -64.44546       0.49051
 45.87907       -64.37232       0.49049
 45.87907       -64.34792       0.49048
 45.87907       -64.34786       0.49048
 45.87907       -64.32346       0.49047
 45.87912       -64.32346       0.49047
 45.84471       -64.32346       0.49047
 45.84478       -64.32346       0.49046
 45.77668       -64.32346       0.49046
 45.70796       -64.32346       0.49044
 45.70738       -64.32346       0.49044
 45.67316       -64.32346       0.49042
 45.67316       -64.25015       0.49039
 45.63904       -64.25015       0.49039
 45.56967       -64.25015       0.49038
 45.56967       -64.27451       0.49038
 45.56967       -64.20130       0.49038
 45.56967       -64.10347       0.49036
 45.63895       -64.10347       0.49034
 45.60454       -64.10347       0.49033
 45.53562       -64.10347       0.49031
 45.46700       -64.10347       0.49031
 45.39754       -64.10347       0.49027
 45.36294       -64.10347       0.49027
 45.29387       -64.10347       0.49026
 45.29379       -64.10347       0.49025
 45.25911       -64.10347       0.49025
 45.22426       -64.10347       0.49023
 45.22426       -64.00540       0.49020
 45.22426       -63.90730       0.49017
 45.15462       -63.90730       0.49016
 45.08501       -63.90730       0.49014
 45.08501       -63.93164       0.49014
 45.08501       -63.83352       0.49011
 45.08501       -63.73491       0.49007
 45.08501       -63.66087       0.49004
 45.08501       -63.56176       0.49003
 45.11908       -63.56176       0.49003
 45.15440       -63.56176       0.49003
 45.08457       -63.56176       0.49000
 45.08457       -63.48750       0.48998
 45.08457       -63.46267       0.48998
 45.04930       -63.46267       0.48997
 45.04930       -63.38820       0.48993
 44.97963       -63.38820       0.48992
 44.97963       -63.28880       0.48991
 44.90892       -63.28880       0.48988
 44.87397       -63.28880       0.48987
 44.83922       -63.28880       0.48984
 44.80432       -63.28880       0.48983
 44.76913       -63.28880       0.48982
 44.76913       -63.18932       0.48979
 44.76913       -63.08972       0.48976
 44.69888       -63.08972       0.48974
 44.69888       -63.04036       0.48974
 44.66382       -63.04036       0.48972
 44.66382       -62.99006       0.48970
 44.69868       -62.99006       0.48970
 44.69868       -62.94029       0.48968
 44.69875       -62.94029       0.48968
 44.62862       -62.94029       0.48966
 44.62862       -62.89038       0.48964
 44.62862       -62.81556       0.48961
 44.55818       -62.81556       0.48959
 44.55818       -62.79057       0.48959
 44.55818       -62.79049       0.48958
 44.52278       -62.79049       0.48958
 44.45209       -62.79049       0.48956
 44.41720       -62.79049       0.48955
 44.41720       -62.74043       0.48954
 44.34640       -62.74043       0.48952
 44.34640       -62.64059       0.48949
 44.27549       -62.64059       0.48947
 44.31144       -62.64059       0.48946
 44.31144       -62.56558       0.48944
 44.27613       -62.56558       0.48942
 44.24074       -62.56558       0.48941
 44.24074       -62.51550       0.48940
 44.20534       -62.51550       0.48938
 44.20534       -62.46510       0.48937
 44.20534       -62.38993       0.48935
 44.20534       -62.41488       0.48934
 44.20534       -62.36463       0.48933
 44.20534       -62.36458       0.48933
 44.20534       -62.28897       0.48930
 44.13410       -62.28897       0.48928
 44.13410       -62.21311       0.48924
 44.09855       -62.21311       0.48924
 44.02750       -62.21311       0.48923
 44.02750       -62.18804       0.48921
 43.99173       -62.18804       0.48920
 43.92005       -62.18804       0.48918
 43.92005       -62.13738       0.48916
 43.84830       -62.13738       0.48914
 43.77720       -62.13738       0.48914
 43.70549       -62.13738       0.48914
 43.63279       -62.13738       0.48908
 43.63279       -62.06162       0.48907
 43.56100       -62.06162       0.48903
 43.56100       -62.06156       0.48902
 43.48872       -62.06156       0.48901
 43.48872       -62.01101       0.48900
 43.48872       -61.98547       0.48897
 43.48872       -61.93497       0.48897
 43.52508       -61.93497       0.48896
 43.52508       -61.90959       0.48895
 43.45282       -61.90959       0.48893
 43.41692       -61.90959       0.48893
 43.41692       -61.85901       0.48890
 43.34462       -61.85901       0.48888
 43.34462       -61.83349       0.48888
 43.34462       -61.80808       0.48887
 43.27143       -61.80808       0.48886
 43.27143       -61.80790       0.48884
 43.19907       -61.80790       0.48882
 43.12643       -61.80790       0.48881
 43.08985       -61.80790       0.48879
 43.08985       -61.75710       0.48877
 43.08985       -61.73180       0.48876
 43.01699       -61.73180       0.48873
 43.01699       -61.68107       0.48872
 43.01715       -61.68107       0.48871
 42.94394       -61.68107       0.48870
 42.94394       -61.68094       0.48869
 42.90713       -61.68094       0.48869
 42.90713       -61.65507       0.48869
 42.94325       -61.65507       0.48868
 42.94325       -61.62967       0.48868
 42.94325       -61.55264       0.48867
 42.86996       -61.55264       0.48864
 42.83291       -61.55264       0.48860
 42.83291       -61.50146       0.48859
 42.83291       -61.45038       0.48856
 42.83291       -61.42492       0.48855
 42.75930       -61.42492       0.48853
 42.75930       -61.37386       0.48853
 42.75930       -61.29640       0.48852
 42.75930       -61.32269       0.48851
 42.72309       -61.32269       0.48847
 42.72309       -61.24608       0.48845
 42.72309       -61.19473       0.48843
 42.72309       -61.14292       0.48843
 42.72309       -61.06651       0.48842
 42.76058       -61.06651       0.48838
 42.76058       -60.98951       0.48834
 42.76058       -60.96363       0.48833
 42.76058       -60.91189       0.48832
 42.68699       -60.91189       0.48829
 42.61314       -60.91189       0.48826
 42.61314       -60.83429       0.48824
 42.61314       -60.75677       0.48821
 42.64984       -60.75677       0.48821
 42.57560       -60.75677       0.48820
 42.57560       -60.70502       0.48818
 42.57560       -60.73080       0.48818
 42.57560       -60.70500       0.48817
 42.57560       -60.62733       0.48814
 42.57560       -60.57560       0.48814
 42.50185       -60.57560       0.48810
 42.50229       -60.57560       0.48808
 42.50224       -60.57560       0.48808
 42.50224       -60.49790       0.48805
 42.50224       -60.47181       0.48803
 42.42799       -60.47181       0.48802
 42.42799       -60.39395       0.48801
 42.42886       -60.39395       0.48800
 42.42886       -60.39405       0.48799
 42.35433       -60.39405       0.48795
 42.31747       -60.39405       0.48794
 42.24288       -60.39405       0.48792
 42.24288       -60.36777       0.48791
 42.24288       -60.28952       0.48789
 42.24211       -60.28952       0.48789
 42.20552       -60.28952       0.48786
 42.20552       -60.21119       0.48784
 42.20552       -60.15926       0.48779
 42.13116       -60.15926       0.48777
 42.13109       -60.15926       0.48777
 42.09373       -60.15926       0.48776
 42.09373       -60.13322       0.48775
 42.01926       -60.13322       0.48773
 41.94441       -60.13322       0.48770
 41.94416       -60.13322       0.48770
 41.94416       -60.10683       0.48770
 41.86935       -60.10683       0.48769
 41.79363       -60.10683       0.48764
 41.79389       -60.10683       0.48764
 41.79389       -60.08090       0.48764
 41.75685       -60.08090       0.48763
 41.75670       -60.08090       0.48762
 41.68116       -60.08090       0.48759
 41.68116       -60.05471       0.48758
 41.60559       -60.05471       0.48756
 41.60559       -59.97641       0.48755
 41.60559       -59.89706       0.48754
 41.60559       -59.81902       0.48747
 41.60559       -59.73970       0.48742
 41.60559       -59.66103       0.48737
 41.60559       -59.58167       0.48735
 41.53001       -59.58167       0.48733
 41.45437       -59.58167       0.48731
 41.45437       -59.55557       0.48726
 41.41657       -59.55557       0.48726
 41.41657       -59.47624       0.48724
 41.41657       -59.39683       0.48723
 41.34027       -59.39683       0.48715
 41.34027       -59.34382       0.48714
 41.34027       -59.29107       0.48709
 41.30199       -59.29107       0.48709
 41.30203       -59.29107       0.48709
 41.30203       -59.23785       0.48706
 41.30203       -59.18502       0.48704
 41.30203       -59.13172       0.48700
 41.26373       -59.13172       0.48700
 41.26373       -59.10510       0.48698
 41.26373       -59.07850       0.48696
 41.26373       -59.02544       0.48695
 41.22614       -59.02544       0.48693
 41.22610       -59.02544       0.48693
 41.18769       -59.02544       0.48691
 41.14986       -59.02544       0.48690
 41.11135       -59.02544       0.48689
 41.11135       -58.97200       0.48686
 41.03513       -58.97200       0.48686
 41.03433       -58.97200       0.48686
 41.03433       -58.89135       0.48685
 41.03433       -58.83832       0.48676
 40.99579       -58.83832       0.48675
 40.95758       -58.83832       0.48673
 40.88086       -58.83832       0.48671
 40.80360       -58.83832       0.48669
 40.76507       -58.83832       0.48668
 40.68782       -58.83832       0.48667
 40.68782       -58.83828       0.48666
 40.68782       -58.75757       0.48663
 40.76470       -58.75757       0.48663
 40.76470       -58.73077       0.48663
 40.76460       -58.73077       0.48662
 40.68736       -58.73077       0.48659
 40.61014       -58.73077       0.48656
 40.61014       -58.67735       0.48653
 40.61014       -58.62375       0.48650
 40.57132       -58.62375       0.48649
 40.57132       -58.54346       0.48646
 40.53278       -58.54346       0.48643
 40.45557       -58.54346       0.48642
 40.37733       -58.54346       0.48638
 40.37733       -58.51657       0.48636
 40.33867       -58.51657       0.48635
 40.29980       -58.51657       0.48634
 40.29980       -58.46304       0.48630
 40.29980       -58.40950       0.48630
 40.33910       -58.40950       0.48629
 40.30005       -58.40950       0.48628
 40.30005       -58.32870       0.48623
 40.30005       -58.27461       0.48622
 40.26096       -58.27461       0.48619
 40.26096       -58.22109       0.48619
 40.26096       -58.16682       0.48613
 40.18276       -58.16682       0.48610
 40.18278       -58.16682       0.48610
 40.10466       -58.16682       0.48607
 40.10466       -58.11266       0.48605
 40.10466       -58.05877       0.48601
 40.10466       -57.97749       0.48597
 40.10466       -57.89628       0.48593
 40.06548       -57.89628       0.48591
 39.98738       -57.89628       0.48589
 39.90847       -57.89628       0.48585
 39.90847       -57.81455       0.48583
 39.86891       -57.81455       0.48580
 39.86891       -57.76051       0.48577
 39.86911       -57.76051       0.48576
 39.86911       -57.67862       0.48573
 39.86911       -57.59717       0.48567
 39.82977       -57.59717       0.48566
 39.75078       -57.59717       0.48563
 39.67218       -57.59717       0.48562
 39.59302       -57.59717       0.48561
 39.59302       -57.62487       0.48558
 39.59302       -57.59757       0.48556
 39.59302       -57.59749       0.48556
 39.51380       -57.59749       0.48554
 39.47339       -57.59749       0.48554
 39.43349       -57.59749       0.48554
 39.43349       -57.57019       0.48552
 39.43349       -57.62446       0.48552
 39.35419       -57.62446       0.48551
 39.35419       -57.62467       0.48549
 39.27456       -57.62467       0.48548
 39.19432       -57.62467       0.48543
 39.19393       -57.62467       0.48543
 39.15377       -57.62467       0.48542
 39.15377       -57.57007       0.48538
 39.15377       -57.54249       0.48537
 39.15377       -57.51531       0.48535
 39.07298       -57.51531       0.48534
 39.03357       -57.51531       0.48533
 39.03357       -57.57025       0.48533
 38.95309       -57.57025       0.48530
 38.87268       -57.57025       0.48529
 38.79129       -57.57025       0.48524
 38.79129       -57.54284       0.48522
 38.75048       -57.54284       0.48522
 38.75048       -57.54265       0.48520
 38.71019       -57.54265       0.48520
 38.71019       -57.48836       0.48516
 38.71019       -57.40590       0.48514
 38.66896       -57.40590       0.48510
 38.66896       -57.35110       0.48506
 38.66896       -57.32366       0.48504
 38.66906       -57.32366       0.48504
 38.66906       -57.24142       0.48499
 38.62836       -57.24142       0.48498
 38.62836       -57.21397       0.48496
 38.54672       -57.21397       0.48494
 38.54693       -57.21397       0.48493
 38.46511       -57.21397       0.48491
 38.46511       -57.21381       0.48489
 38.46511       -57.13142       0.48485
 38.46511       -57.04890       0.48480
 38.38350       -57.04890       0.48476
 38.34245       -57.04890       0.48475
 38.30145       -57.04890       0.48473
 38.30145       -56.99398       0.48472
 38.30145       -56.91088       0.48465
 38.21899       -56.91088       0.48462
 38.13665       -56.91088       0.48459
 38.13665       -56.91059       0.48458
 38.13665       -56.82764       0.48454
 38.13647       -56.82764       0.48453
 38.09545       -56.82764       0.48452
 38.09523       -56.82764       0.48451